boat: 0.9999999999999999
person: 0.6949615155420907
horse: 0.0
chair: 0.0
bottle: 0.9999999999999999
car: 0.0
cat: 0.9999999999999999
diningtable: 0.9999999999999999
pottedplant: 0.0
bicycle: 0.9999999999999999
bird: 0.9999999999999999
dog: 0.8090909090909091
motorbike: 0.0
tvmonitor: 0.9999999999999999
bus: 0.0
train: 0.9999999999999999
sofa: 0.9999999999999999
map: 0.6178854367431176
